27247125
26363970
28583386
29534245
25987597
19015088
21600991
30698656
16171833
25697049
24396006
24431433
22308468
18439411
25823855
28263829
19944083
24825504
28254454
25573396
27496338
25825732
26342221
26598684
26707088
26189076
27613508
24412087
22362841
16780808
29925465
24571553
22505222
21872451
24055199
31362049
22791801
15006683
25944965
25017648
29039129
29105572
22569187
27375133
19199417
20188182
16122944
26994483
26117505
22623534
27165762
18486491
28600740
26262561
30904774
26621704
28735643
23327932
24795158
20600991
27576746
26188122
26604273
25848050
24888525
27405334
11850635
27236373
18537114
19594509
17408704
24462962
23019245
23876243
31919530
22490923
24844746
26541443
28540647
18501639
28619530
19398309
26608245
29740753
30278791
23547245
21356316
22137736
29554540
18633856
23510581
19246473
24414614
27894892
29265483
25963262
22766167
19446457
22563005
24106333
17964185
23887806
27167401
21849560
22371086
15758039
23160817
25480523
28108394
23804962
18778781
31090126
31654545
15701234
16339042
22841755
25765593
31063817
21703352
26908320
26385612
21737434
25862529
26323252
19632283
23508477
24633532
20223797
27129794
27528669
27770284
16764897
23851067
29582502
26206505
27510495
20096792
24369435
21569855
17964741
31855701
28976039
27319001
30077577
17071110
23911672
29555857
29432769
23460073
30852994
26040978
24464944
29221830
18486489
24936688
25703807
27091970
20056152
17627852
21955370
20534459
17074944
24880954
18781590
23639347
24294841
23416087
24652858
22154962
24144548
19107754
19633063
22019860
29777673
26254589
20071521
23948645
31837376
26011577
24449854
24434194
21763435
21862446
18034695
24084068
20705602
27358450
19739909
22349798
24824165
23063451
17372621
22125232
22306799
26803059
26520145
21606658
27989775
19937724
26826520
24760733
23142071
20226769
25929599
22956840
15528097
16839297
24191160
21130224
30300745
14568477
23298748
30930310
24842782
19559343
21864459
26656563
28477977
15860339
26235682
20056024
25281889
28093278
22977200
10607399
18804515
17583991
18587523
22360624
30794869
24928767
24740586
21484518
19186163
24009354
23850465
30239972
15488424
18412845
26331684
19428413
24726338
27039141
25698698
27109357
19423680
23740868
30630078
30658938
28629540
11496124
25847180
19439183
27978457
16759672
29174437
26384778
16035037
21586330
26812250
24412433
24583253
18370602
19747929
18985118
30606045
15862225
23642469
19733672
22019857
28504911
30846366
26744541
29601981
24294906
25698699
23830857
25640962
29366950
25911123
24341069
21940454
20119878
24412687
18633788
17400195
30656602
27007121
26942651
29408539
19199419
21375598
24273076
22819972
26516171
29073111
19287044
25448865
24068815
24093627
19303257
19632816
28465434
18276163
21664277
17765572
25716010
29058352
28193868
30389840
14980212
30852995
19076404
31962230
24814646
28669909
27979699
30012623
28142074
21320516
23620602
28289200
22726841
26567160
31978745
16055351
27424063
31882274
23548839
16624578
18064585
28334381
25042446
11050021
24089495
26892859
26514295
23482624
19620107
16706860
20797730
23681887
30978496
23110882
23696200
27776574
20045478
18985142
23813661
23574585
28551067
31011853
19505971
23720575
18985119
29164726
18603608
19304843
27431759
27568587
17166860
30295709
25277690
21908447
28291690
24795436
19015077
18809234
24097375
23052545
27622781
20188190
26776080
15808992
17404215
17638925
29250867
23599165
15528090
28199713
20350187
24493846
27889465
18585742
24927685
26969865
30885789
27217118
25820129
18783371
17046722
22507699
24361475
26746181
24243619
24695086
28735169
26417673
26143208
20350171
19409961
30056560
30272134
19925175
28947180
20147540
20570742
30272123
26969866
22661409
24626638
28557690
21350872
30979668
23784073
22505330
21568644
22507230
27095057
31491524
18514546
24666131
21531384
23770622
25534111
27855282
26416161
28905269
19347874
16406606
26991156
22840551
26220746
20923708
25675509
25065819
21356318
24157401
25220190
22678652
22019361
25315788
27091676
28643894
30843728
20656041
31112784
31957464
27716474
19605539
16806312
23419544
18187342
