25640962
30085122
18501639
21864459
27095057
24666131
27236373
18370602
21862446
24447026
24639542
23574585
23599165
34895947
16406606
22403154
31379539
26505303
20056152
26337369
31690846
21172325
30056560
30976115
12202103
18585742
27007121
30349467
18985118
18985119
15528097
28289200
22726841
24633532
22563005
38043839
22905026
31783116
26302673
21940454
23435496
23460073
17055981
24936688
31506672
25848050
23482624
29079809
21606658
19384602
30624029
22661409
29896995
26206505
26323252
17404215
21569855
20705602
20119878
25729358
22290781
24824165
27642220
27122031
30658938
28557690
29806978
31680906
19304843
15327630
24414614
26481048
22841755
24760733
19347874
29077925
27576746
26048954
23740868
23249349
27568587
25315788
25244113
15862225
31420884
15808992
26143208
26567160
26417673
24412687
21664277
23988759
29039129
28477977
24842782
11352615
22360624
28643894
26892859
21981758
30300745
28455517
24097375
29723244
18514546
26608245
23720575
18313858
30272134
30077577
31589003
19944083
23876243
24582805
18537114
31322784
24144548
27167401
27579051
22125232
29760183
21703352
20439736
23298748
11496124
17408704
23251653
17627852
24068815
30018264
27319001
21600991
26825440
27798249
26604273
19596021
28242678
25338630
31056647
30374665
20460301
22371086
28338962
25697049
27280153
23221019
26235682
10607399
22956840
21955370
27458349
23528247
16171833
27458363
24726338
21320516
23696200
26342221
28504911
26803059
26514295
16759672
27716474
25944965
31142792
11850635
24265613
25088911
23378834
24089495
23063451
23667619
30225341
29432769
29221830
28931014
15006683
21908447
25820129
23722983
23620602
17071110
31011853
30594068
20188182
27405334
27978778
27477020
14568477
20188190
26262561
29330483
24814646
16055351
24652858
20943931
18633788
29111359
16122944
26162239
27165762
30639176
24583253
25298009
25220190
20071521
18633834
30825583
14980212
18633845
18633846
30794869
18633856
25996424
18783371
31157395
18234518
22174872
17964185
30698656
29582502
19733672
29164726
20534459
23327932
10943684
21249224
26385612
30649548
18486489
20350171
18486491
16035037
27217118
23110882
20350187
30639342
15701234
18439411
27358450
22848759
23911672
26254589
17986835
29408539
26598684
25716010
22623534
26746179
31036762
24106333
25281889
23948645
27096431
25118071
27622781
26117505
26541443
30930310
30842248
27266443
24550800
30455187
25253279
24243619
27039141
15488424
19015088
24294841
19199417
19199419
31051206
26301900
31090126
34409940
27856343
21849560
26168793
27528669
21761508
24772075
24294906
23508477
23770622
21206532
18431500
25042446
23813661
31798816
29992485
29324862
26365506
29126210
27090501
30500423
29265483
19439183
30389840
18603608
29771359
24084068
31747689
29931116
24462962
30834300
31598216
20098696
28008075
27803286
25534111
26908320
24825504
20045478
24700584
30949039
31028922
22003388
25489093
29740753
29073111
19136216
22507230
27510495
29097704
26920683
31729396
27494142
31268615
26621704
29777673
26969865
31063817
23684882
29890323
22019860
20096792
29959970
26318628
22490923
26656563
28905269
24880954
25911123
27375449
26812250
24391534
25929599
30852994
30852995
27496338
28551067
29476765
24051621
19107754
31844272
23887806
23887810
17536964
30154703
22349798
27109357
19048432
17100784
24834034
23267322
