30349467
30154703
29890323
29771359
29760183
29740753
29723244
29476765
29432769
29330483
29324862
29265483
29221830
29582502
29097704
29079809
29073111
29039129
28931014
28905269
28504911
28477977
28338962
28242678
27856343
27803286
27798249
27496338
27568587
27622781
27576746
27528669
27510495
27494142
27477020
27458363
27375449
27319001
27266443
27236373
27217118
29777673
27165762
27096431
27095057
27090501
27039141
27007121
26969865
26920683
26908320
26892859
26812250
26803059
26746179
26656563
26608245
26604273
26598684
26567160
26505303
26481048
26417673
26385612
26365506
26342221
26337369
26323252
26301900
26262561
26254589
26235682
26206505
26168793
26117505
25996424
25944965
25929599
25911123
25729358
25716010
25697049
25640962
25534111
25315788
25298009
25281889
25118071
25088911
25042446
24936688
24842782
24834034
24825504
24824165
24814646
24772075
24726338
24700584
24652858
24639542
24633532
24583253
24462962
24414614
24294906
24294841
24243619
24084068
24068815
24051621
23988759
23887810
23813661
23740868
23722983
23720575
23696200
23684882
23667619
23620602
23599165
23574585
23508477
23482624
23460073
23378834
23327932
23298748
23249349
23221019
23063451
22956840
22848759
22841755
22726841
22661409
22563005
22349798
22174872
22019860
21955370
21940454
21908447
21862446
21849560
21703352
21606658
21600991
21320516
21249224
20705602
20534459
20350171
20188190
20188182
20096792
20071521
20056152
20045478
19944083
19733672
19439183
19347874
19304843
19048432
18633834
18633846
19015088
18985119
18985118
18633856
18633788
18603608
18585742
18537114
18514546
18501639
18486491
18439411
18370602
17986835
17964185
17627852
17404215
17071110
16759672
16406606
16171833
16122944
16055351
16035037
15701234
15528097
15488424
15006683
14980212
11850635
11496124
28008075
26143208
24666131
24582805
24097375
23876243
23435496
22360624
10607399
11352615
14568477
15808992
17408704
18783371
19107754
19136216
20119878
27716474
21206532
31783116
31598216
31142792
31090126
31056647
30930310
30852995
30649548
30272134
30077577
30056560
30658938
