30374665
30349467
30225341
30154703
30085122
29992485
29890323
29806978
29771359
29760183
29740753
29723244
34895947
29476765
29432769
29408539
29330483
29324862
29265483
29221830
29582502
29164726
29126210
29111359
29097704
29079809
29039129
28931014
28905269
28643894
28557690
28551067
28504911
28477977
28455517
28338962
28289200
28242678
27978778
27856343
27803286
27798249
27496338
27568587
27622781
27579051
27576746
27528669
27510495
27494142
27458363
27458349
27405334
27375449
27358450
27319001
27280153
27266443
27236373
27217118
27167401
29777673
27165762
27122031
27109357
27096431
27095057
27090501
27039141
27007121
26969865
26920683
26908320
26892859
26825440
26812250
26803059
26746179
26621704
26608245
26604273
26598684
26567160
26541443
26514295
26505303
26417673
26385612
26365506
26342221
26337369
26323252
26318628
26301900
26262561
26254589
26235682
26168793
26162239
26117505
26048954
25996424
25944965
25929599
25911123
25848050
25820129
25729358
25716010
25697049
25640962
27642220
25534111
25489093
25338630
25315788
25281889
25253279
25244113
25220190
25118071
25088911
25042446
24936688
24880954
24842782
24834034
24825504
24824165
24814646
24726338
24700584
24652858
24639542
24633532
24583253
24462962
24414614
24294906
24294841
24265613
24243619
24144548
24106333
24089495
24084068
24068815
24051621
23911672
23887810
23887806
23813661
23770622
23740868
23722983
23720575
23696200
23684882
23667619
23620602
23599165
23574585
23528247
23482624
23460073
23378834
23327932
23298748
23267322
23251653
23110882
23063451
22956840
22905026
22848759
22841755
22726841
22661409
22623534
22507230
22490923
22403154
22349798
22290781
22174872
24391534
22019860
22003388
21981758
21955370
21940454
21908447
21862446
21849560
30018264
21606658
21600991
26302673
21320516
21249224
21172325
20943931
20705602
20534459
20439736
20350171
20188190
20188182
20096792
20071521
20056152
20045478
19944083
19733672
19439183
19384602
19347874
19304843
19199419
34409940
19048432
18633834
18633846
18985119
18985118
18633856
18633845
18633788
18585742
18537114
18514546
18501639
18439411
18431500
18370602
18234518
17986835
17627852
17536964
17404215
17100784
17071110
17055981
16759672
16406606
16171833
16122944
16055351
16035037
15862225
15701234
15528097
15488424
15327630
15006683
14980212
11850635
11496124
10943684
28008075
26143208
24760733
24666131
24582805
24447026
24412687
24097375
23948645
23876243
22371086
22360624
24550800
21761508
10607399
11352615
12202103
14568477
15808992
17408704
18783371
19136216
19596021
20098696
20119878
27716474
21206532
20460301
18486489
31844272
31798816
31783116
31747689
31729396
31690846
31680906
31598216
31589003
31506672
31420884
31379539
31322784
31268615
31157395
31142792
31090126
31063817
31056647
31051206
31036762
31028922
31011853
30976115
30949039
30930310
30852995
30852994
30842248
30834300
38043839
30825583
30794869
30698656
30658938
30639342
30639176
30624029
30594068
30500423
30455187
30389840
30300745
30272134
30077577
30056560
29959970
29931116
29896995
21664277
21569855
22125232
29077925
21864459
19199417
20350187
18313858
