28398011
30066136
27654662
14754771
31746092
9433350
11058476
21219260
18084743
17375140
16167185
26995796
15127179
19369561
26893259
16123763
27441590
21790899
22747521
24186078
27312405
24647921
19907419
16759342
17307790
12860777
19107465
11296095
16237382
20703221
26179147
29059410
20604987
25208199
22097928
32068323
28633363
16899037
24411804
23421569
16565998
24622915
28231626
23359677
20571434
26237321
21199957
29464814
24485386
27501356
31673722
25142207
23188041
24529072
24637623
26537217
16133128
29947607
24659022
24569319
14679386
18056224
17611740
16085533
24261848
29313106
31069895
24392892
24646809
19015835
28715141
21790907
27815773
16163517
22868938
24949564
21717780
18704100
29362512
20010552
23303067
18391135
22926600
15465974
23455593
19260039
11431229
15920499
26955839
22458676
23389755
20698837
23455594
25030801
24373127
24956915
27015258
17573781
18276852
20729527
19650816
28898485
23325372
19025463
25761006
22461323
26094857
24894701
23935182
23422198
24060832
16598192
18851716
12042183
21169809
20862456
20823246
20729530
21223301
26613332
28857330
26660448
29152692
19490513
20519550
25697860
18711709
22974271
27542906
21248113
21926468
25526228
27079132
23221317
21993878
17714197
25409596
17488322
26289945
12045470
11515754
25567427
10103096
25762748
22281932
18507736
22234380
25639749
23636842
20679212
16340649
28653791
20028366
30467911
26303184
22566584
28190083
27109623
22288977
23867619
24337077
28444823
28958004
30994787
30649528
27138429
30606047
23313402
31039580
29130147
20090671
29472643
25941364
28960762
20809855
18568078
21859165
29985099
25229205
25279500
19129383
22576622
30418574
20695685
25833968
25567424
28409565
24847853
22114078
23929709
25564288
30415277
23061530
22514316
25887154
27649775
24371129
21349378
22647305
24837478
21995620
22476609
31303572
20168310
23378222
25193941
23836764
28451921
21464344
30590514
28929362
28881072
17986612
27570893
25339705
28911135
19806158
29463908
26867073
25984820
23566308
27188979
22505321
30019382
28746733
26490862
24789842
25795413
29025878
23382517
22006991
21955931
23803881
10731228
31342097
21926423
22508366
25742873
29951769
21045002
30848494
30120426
20495160
30423017
