10607399
11496124
11850635
14568477
14980212
15006683
15488424
15528097
15701234
15808992
15862225
16035037
16055351
16122944
16171833
16406606
16759672
17071110
17404215
17408704
17627852
17964185
18370602
18439411
18486489
18486491
18501639
18514546
18537114
18585742
18603608
18633788
18633856
18783371
18985118
18985119
19015088
19107754
19199417
19199419
19304843
19347874
19439183
19733672
19739909
19944083
20045478
20056152
20071521
20096792
20119878
20188182
20188190
20350171
20350187
20534459
20705602
20923708
21320516
21569855
21600991
21606658
21664277
21703352
21849560
21862446
21864459
21908447
21940454
21955370
22019860
22125232
22308468
22349798
22360624
22371086
22490923
22507230
22563005
22623534
22661409
22726841
22841755
22956840
23063451
23110882
23142071
23249349
23298748
23327932
23460073
23482624
23508477
23574585
23599165
23620602
23639347
23684882
23696200
23720575
23740868
23770622
23804962
23813661
23850465
23876243
23887806
23911672
23948645
24068815
24084068
24089495
24097375
24106333
24144548
24243619
24294841
24294906
24341069
24412433
24412687
24414614
24462962
24493846
24583253
24633532
24652858
24666131
24726338
24760733
24795436
24814646
24824165
24825504
24842782
24880954
24936688
25042446
25220190
25281889
25315788
25534111
25640962
25697049
25716010
25820129
25911123
25929599
25944965
25987597
26117505
26143208
26188122
26206505
26235682
26254589
26262561
26323252
26342221
26385612
26417673
26514295
26541443
26567160
26598684
26604273
26608245
26621704
26656563
26803059
26812250
26892859
26908320
26969865
27007121
27039141
27091676
27095057
27109357
27129758
27129794
27165762
27167401
27217118
27236373
27319001
27358450
27405334
27496338
27510495
27528669
27568587
27576746
27622781
27716474
28289200
28465434
28477977
28504911
28540647
28551067
28557690
28583386
28643894
28905269
29039129
29073111
29164726
29221830
29265483
29366950
29408539
29432769
29582502
29740753
29777673
29806978
30056560
30077577
30272134
30300745
30389840
30658938
30698656
30794869
30852994
30852995
30930310
31011853
31063817
31090126
