29432769
29723244
29582502
29097704
30154703
29890323
29760183
29740753
27496338
27576746
27510495
27494142
27375449
27319001
29777673
27095057
26969865
26892859
26746179
26567160
26505303
26417673
26385612
26342221
26323252
26301900
26254589
26235682
26117505
25697049
25534111
25315788
25281889
25118071
25042446
24936688
24842782
24825504
24726338
24700584
24652858
24633532
24243619
23813661
23740868
23684882
23620602
23460073
22848759
22841755
22726841
22174872
22019860
21955370
21940454
21908447
21849560
21664277
21606658
21600991
21569855
21320516
21249224
20705602
20534459
20096792
20056152
20045478
19944083
19439183
18633846
18633834
18985119
18985118
29771359
18783371
14568477
30852995
17986835
17627852
17404215
16035037
16759672
16171833
17071110
18370602
16055351
15701234
18439411
18514546
15528097
15006683
11850635
11496124
28008075
24666131
24582805
23876243
22125232
30930310
19304843
19347874
31598216
30077577
30658938
27716474
31090126
30272134
19136216
31783116
17408704
21206532
20119878
31142792
31056647
15808992
29330483
30056560
29324862
30349467
29265483
28905269
29073111
28931014
28504911
29476765
29221830
28477977
28338962
29039129
27856343
27803286
27568587
27798249
27622781
27266443
27458363
27477020
27528669
22563005
20188182
20071521
22661409
26143208
24084068
30649548
26803059
26656563
26608245
26604273
26481048
26365506
26337369
26262561
26206505
26168793
25944965
25996424
25929599
25729358
25716010
25640962
25298009
29077925
25911123
23599165
23574585
23508477
23482624
23378834
23327932
23298748
23249349
23063451
22956840
22349798
22019860
21864459
25088911
24814646
24583253
24639542
24772075
24462962
24824165
24294841
24414614
24834034
21862446
21703352
15488424
16122944
16406606
18633856
19733672
18501639
17964185
18486491
20188190
19015088
18633788
19048432
18537114
19199417
18585742
18603608
20350171
20350187
18313858
19107754
11352615
10607399
22360624
23435496
14980212
24097375
23221019
29079809
24294906
24068815
24051621
23988759
23887810
23722983
23720575
23696200
23667619
27236373
27165762
27096431
27090501
27039141
27007121
26920683
26908320
26812250
27217118
