27247125
28864974
30328665
30904774
24462962
24802075
23887806
28619530
28540647
26541443
29427292
26363970
29534245
30698656
28583386
21600991
26608245
25987597
31090126
19015088
30278791
18778781
29265483
24414614
26481048
18838032
25963262
27894892
15701234
31063817
15491269
29943174
22841755
16339042
26365506
28108394
22308468
26776386
31654545
23508477
26888621
21737434
18439411
27167401
16171833
25480523
31403748
25765593
23911672
31028922
26323252
15327630
26385612
25573396
20096792
27129794
24431433
19944083
23917500
18486489
26162239
16780808
31855701
27496338
28263829
17074944
27319001
25338630
29582502
27510495
11037096
23887810
24825504
24369435
27770284
24412087
28254454
30852994
23416087
29891257
28976039
19562629
25823855
15006683
30077577
27325757
23851067
31362049
27528669
23639347
22505222
22362841
26598684
25825732
29432769
29555857
24464944
21955370
22154962
26707088
26189076
29221830
26342221
24294841
23460073
24571553
27613508
26040978
24880954
24652858
16122944
17139043
19199417
21872451
17627852
24936688
25017648
20534459
27091970
22623534
24055199
30019703
25703807
31837376
20188182
23948645
21775952
30794869
26262561
23221019
21862446
29925465
29105572
27165762
22791801
31389302
22569187
29959970
29039129
27375133
23740734
30624029
22290781
23373319
20056152
21763435
22019860
24071915
27576746
26604273
23063451
26318628
26117505
18633846
24084068
18486491
26994483
28600740
24795158
26254589
31783116
26621704
26188122
20705602
24449854
17408704
21606658
19107754
23327932
22125232
26011577
24760733
29777673
30455187
12202103
18537114
19594509
19937724
22490923
25697049
18034695
23142071
11850635
23876243
25088911
28735643
31919530
25848050
20600991
24844746
19423680
27405334
24824165
27989775
23988759
26803059
26520145
27236373
18633856
15258587
27358450
26826520
20230107
22563005
19398309
19246473
23547245
17055981
23298748
29740753
17372621
14568477
24694924
15528097
23510581
30300745
21356316
22137736
25929599
16839297
23895223
22956840
20226769
18501639
29554540
23528247
25944965
30930310
24434194
21130224
24051621
17030808
22213787
17964185
23804962
21864459
19446457
26656563
22371086
21849560
22766167
19559343
15860339
23160817
15758039
24106333
21569855
23611807
26908320
25281889
24842782
24144548
24888525
19632283
28477977
21703352
18633845
16764897
20056024
12639338
27129758
23722983
26235682
25996424
25862529
20223797
17071110
24633532
10943684
26737187
17964741
10607399
28093278
22977200
19176822
19596021
17583991
18234518
28151495
20051784
18781590
19633063
20808182
19739909
18804515
29792726
22360624
18587523
22349798
22306799
26736634
20071521
24740586
26206505
22439896
24928767
21484518
19186163
24009354
30239972
18412845
23850465
26331684
25698698
28629540
15488424
25571093
27707964
30658938
27109357
30630078
27039141
27978457
19428413
24726338
11496124
20439736
16035037
31844272
23740868
26384778
19439183
27856343
24412433
16759672
19747929
19252152
30606045
21586330
26812250
29174437
18370602
23642469
24583253
22019857
30846366
18985118
18586108
15862225
19733672
27466633
18174503
23830857
28504911
25563749
29601981
26744541
25698699
24294906
25253279
29366950
25640962
25911123
31102892
24412687
27007121
30656602
24341069
21940454
20119878
26942651
17400195
18633788
29882276
21375598
29408539
25448865
24273076
31801812
18633834
19199419
22819972
26516171
24215974
18276163
30264337
29073111
11352615
19287044
24093627
24068815
19632816
18477583
16989551
19303257
30389840
28193868
28465434
21664277
17765572
27122031
29058352
25716010
27978778
14980212
28142074
31962230
30852995
31978745
28669909
24814646
27979699
29992485
30012623
29460363
26825440
21320516
28289200
16055351
23620602
22726841
26567160
27424063
24478377
31882274
23548839
17986835
16624578
18313858
18064585
11050021
28334381
29931116
19630891
25042446
21981758
24089495
19136216
20797730
23482624
19620107
26892859
26514295
24639542
22982277
16706860
17100784
23681887
30978496
23110882
20045478
24447026
27776574
21164174
23696200
18985142
23813661
23574585
28551067
19505971
31011853
15066147
23720575
18985119
18603608
17166860
29164726
23435496
27568587
25277690
27431759
30825583
19304843
30295709
31515750
21908447
28291690
24067301
24795436
23052545
19015077
26585095
17404215
18809234
28653794
24097375
17638925
27622781
15808992
20188190
26776080
29250867
23599165
22114875
15590616
25881796
29137530
15528090
30885789
28199713
24493846
27889465
20350187
18585742
24927685
26969865
21761508
27217118
18783371
25820129
17046722
24731078
20977559
26746181
24243619
24361475
28735169
30639342
24695086
26417673
19409961
28947180
20350171
26143208
30056560
20147540
19925175
20570742
30272134
30806571
30272123
26969866
24626638
22661409
30979668
28557690
21350872
21568644
23784073
22505330
19912448
19657025
27095057
22507230
21881566
18514546
21531384
24666131
31491524
22563008
23770622
30842248
20943931
25534111
27855282
19347874
28905269
26416161
26991156
22840551
27796303
16406606
24616529
26220746
21356318
20923708
25675509
25220190
22678652
24157401
22019361
25315788
30843728
28045222
27091676
28643894
17536964
20656041
27538473
31957464
24583906
27716474
31112784
20560820
19605539
16806312
23419544
18187342
